-0.00572018,0.00852661,-9.81
-0.00814816,0.00667395,-9.81
-0.00833335,0.00600655,-9.81
-0.0145,0.0044059,-9.811
-0.02205,0.00296531,-9.8119
-0.027845,0.00266878,-9.81271
-0.0320605,0.0024019,-9.81344
-0.0348545,0.00216171,-9.8141
0.015631,-0.538055,-9.95269
-0.122932,-0.470249,-9.79742
-0.0496389,-0.307224,-8.67268
0.352325,0.620498,-7.80541
0.120093,0.657449,-7.81787
0.147083,0.457704,-6.86508
0.114375,0.354933,-6.22457
-0.200063,-0.59956,-5.60211
-0.128056,-0.423604,-4.8279
-0.560251,0.270756,-6.22311
-0.271226,0.412681,-6.5428
-0.200103,0.247413,-5.67052
-0.187093,0.181671,-5.15647
0.0316166,-0.470496,-4.64082
0.0594549,-0.290446,-3.95374
-0.384491,0.386599,-5.42537
-0.0880415,0.537939,-5.89983
-0.0422374,0.356145,-5.07485
-0.0420136,0.28353,-4.62236
-0.129812,-0.585823,-4.16013
-0.0888311,-0.398241,-3.50711
-0.478948,0.257584,-4.9194
-0.165053,0.426825,-5.45046
-0.116548,0.259143,-4.66342
-0.102893,0.202228,-4.25207
-0.181604,-0.624995,-3.82687
-0.139443,-0.433495,-3.20018
-0.504499,0.219855,-4.62016
-0.162049,0.416869,-5.24115
-0.118844,0.251182,-4.46903
-0.10096,0.199064,-4.07513
-0.168864,-0.594843,-3.66761
-0.131977,-0.406358,-3.04985
-0.48378,0.241278,-4.47887
-0.122402,0.45415,-5.15998
-0.0881615,0.285735,-4.38998
-0.0693454,0.233161,-4.00198
-0.180411,-0.606155,-3.60179
-0.14037,-0.422539,-2.98261
-0.464333,0.189715,-4.35335
-0.0708995,0.448743,-5.12101
-0.0508095,0.279869,-4.35091
-0.0317286,0.222882,-3.96482
-0.177556,-0.646406,-3.56834
-0.1438,-0.458766,-2.9465
-0.45342,0.152111,-4.29185
-0.0620781,0.4339,-5.10967
-0.0458703,0.27051,-4.3347
-0.0242833,0.228459,-3.94723
-0.159855,-0.552387,-3.55251
-0.130869,-0.373148,-2.92926
-0.429783,0.228167,-4.27333
-0.000804227,0.52835,-5.147
0.0082762,0.356515,-4.3643
0.0304486,0.303863,-3.96987
-0.0865963,-0.605523,-3.57288
-0.0689367,-0.422971,-2.94459
-0.355043,0.174326,-4.24713
0.0684613,0.466894,-5.14342
0.0686152,0.302204,-4.35808
0.0867537,0.254984,-3.95927
-0.143922,-0.673515,-3.56334
-0.12353,-0.482163,-2.93201
-0.385177,0.124053,-4.20981
0.0503411,0.419648,-5.11883
0.049307,0.266683,-4.33394
0.0723763,0.223015,-3.93355
-0.157861,-0.631287,-3.5402
-0.139075,-0.445158,-2.90818
-0.387168,0.153358,-4.18236
0.0835491,0.478022,-5.13912
0.0761942,0.32122,-4.34921
0.0985748,0.271098,-3.94329
-0.178283,-0.626012,-3.54896
-0.159454,-0.442411,-2.91206
-0.387509,0.13683,-4.13886
0.0892419,0.443147,-5.14297
0.0783177,0.291833,-4.35067
0.102486,0.244649,-3.94161
-0.196763,-0.620816,-3.54745
-0.178086,-0.438734,-2.9077
-0.393278,0.130139,-4.11293
0.11505,0.463126,-5.15964
0.0985451,0.311813,-4.36267
0.122691,0.262632,-3.94941
-0.196579,-0.605632,-3.55447
-0.182921,-0.429069,-2.91202
-0.385629,0.123838,-4.08382
0.132934,0.463455,-5.17244
0.116641,0.310109,-4.37019
0.139977,0.261098,-3.95317
-0.207021,-0.598012,-3.55786
-0.180319,-0.429211,-2.91207
-0.375287,0.113711,-4.05986
0.159242,0.46534,-5.18588
0.138318,0.314806,-4.37829
0.160486,0.265325,-3.95846
-0.301563,-0.567208,-3.56261
-0.281407,-0.394487,-2.91135
-0.457266,0.115962,-3.99822
0.0624608,0.434366,-5.2364
0.0502147,0.285929,-4.41676
0.0831932,0.241336,-3.99708
-0.359126,-0.591798,-3.59737
-0.333214,-0.416618,-2.94064
-0.263892,-0.420956,-2.65957
-0.521503,0.65414,-2.39361
-0.469353,0.493726,-1.85025
-0.376417,0.428353,-1.68723
-0.458776,-0.416482,-1.5185
-0.422898,-0.257834,-1.07165
-0.338608,-0.282051,-0.976489
-0.318747,0.660155,-0.87884
-0.293873,0.501139,-0.493956
-0.217485,0.437025,-0.46656
-0.283737,-0.554678,-0.419904
-0.258363,-0.37921,-0.0789136
-0.188527,-0.390289,-0.0820222
-0.200674,0.67874,-0.07382
-0.188607,0.518866,0.230562
-0.122746,0.45498,0.185506
-0.221471,-0.512519,0.166955
-0.202324,-0.341267,0.45026
-0.136092,-0.35414,0.395234
-0.165483,0.701274,0.35571
-0.157934,0.538147,0.617139
-0.095141,0.474332,0.534425
-0.183627,-0.524101,0.480983
-0.168264,-0.352691,0.733885
-0.104438,-0.361422,0.650496
-0.143994,0.67772,0.585447
-0.138595,0.515948,0.823902
-0.0777351,0.455353,0.721512
-0.162962,-0.557182,0.649361
-0.148665,-0.382464,0.886425
-0.0857989,-0.384217,0.787782
-0.135219,0.656205,0.709004
-0.123697,0.489584,0.939104
-0.0633274,0.432626,0.827193
-0.151995,-0.580637,0.744474
-0.147795,-0.407573,0.969026
-0.0850157,-0.402816,0.861124
-0.126514,0.648466,0.775011
-0.117863,0.480619,0.99851
-0.0610764,0.422557,0.881659
-0.141969,-0.607699,0.793493
-0.139772,-0.434929,1.01314
-0.0757947,-0.426436,0.90183
-0.123215,0.585208,0.811647
-0.114894,0.420687,1.03048
-0.0594043,0.371618,0.910434
-0.0984639,-0.676544,0.81939
-0.0996175,-0.495889,1.03745
-0.0356558,-0.4733,0.924706
-0.0760902,0.56903,0.832236
-0.0724812,0.406127,1.04701
-0.022233,0.360514,0.928311
-0.0880098,-0.642537,0.83548
-0.0902088,-0.465284,1.05193
-0.0261879,-0.438755,0.939739
-0.0905691,0.60712,0.845765
-0.0955122,0.445408,1.05619
-0.043961,0.397868,0.938569
-0.110565,-0.572919,0.844712
-0.101508,-0.398627,1.06424
-0.0353575,-0.372765,0.952817
-0.112822,0.658512,0.857535
-0.11754,0.490661,1.06778
-0.0637857,0.437595,0.952004
-0.122407,-0.583165,0.856803
-0.113166,-0.408848,1.07612
-0.0468497,-0.377964,0.964511
-0.135165,0.625833,0.86806
-0.138648,0.46025,1.07825
-0.0827835,0.411225,0.963428
-0.135505,-0.617898,0.867085
-0.125955,-0.440108,1.08538
-0.0583591,-0.402097,0.974839
-0.145523,0.597113,0.877355
-0.148971,0.433401,1.08662
-0.0920738,0.387061,0.971958
-0.139866,-0.624645,0.874762
-0.12988,-0.447181,1.09329
-0.0618918,-0.405463,0.982957
-0.149703,0.591084,0.884661
-0.153732,0.426975,1.0942
-0.0963591,0.382278,0.980776
-0.139723,-0.61195,0.882698
-0.140751,-0.440755,1.09643
-0.0726758,-0.39868,0.985786
-0.147408,0.597189,0.887207
-0.140667,0.42747,1.10049
-0.0696007,0.392723,0.988438
-0.133641,-0.60355,0.889594
-0.137277,-0.435195,1.10263
-0.0695489,-0.391675,0.992371
-0.204594,0.599493,0.893134
-0.193135,0.427543,1.10882
-0.130821,0.385789,0.994939
-0.236739,-0.63779,0.895445
-0.230065,-0.465011,1.1109
-0.153059,-0.41751,0.99781
-0.245753,0.561241,0.898029
-0.230177,0.393117,1.11323
-0.16216,0.356805,0.996904
-0.173944,-0.638875,0.897213
-0.173549,-0.463988,1.11049
-0.102194,-0.418589,0.994443
-0.151975,0.58827,0.894998
-0.144777,0.417443,1.1105
-0.0832997,0.379699,0.992449
-0.10797,-0.552271,0.893204
-0.102173,-0.381044,1.11088
-0.0379555,-0.34494,0.993795
-0.12116,0.664554,0.894416
-0.127044,0.491099,1.10697
-0.0673396,0.445989,0.988277
-0.0996056,-0.58161,0.889449
-0.093645,-0.408449,1.1075
-0.0302805,-0.371604,0.989754
-0.0992525,0.632557,0.890778
-0.106327,0.462301,1.1027
-0.0476945,0.420071,0.98343
-0.0929251,-0.614937,0.885087
-0.0876326,-0.438443,1.10358
-0.0248693,-0.399599,0.985221
-0.0933824,0.604362,0.886699
-0.101044,0.436925,1.09903
-0.0419397,0.397233,0.979126
-0.0927458,-0.632491,0.881213
-0.0874712,-0.454242,1.10009
-0.025724,-0.414817,0.982083
-0.0931517,0.602665,0.883875
-0.0998365,0.435398,1.09649
-0.0398528,0.395858,0.976838
-0.0898676,-0.614728,0.879155
-0.0958808,-0.443255,1.09324
-0.0342927,-0.40593,0.974915
-0.0968635,0.626664,0.877424
-0.0911771,0.451997,1.09568
-0.0310594,0.409798,0.977113
-0.0929535,-0.593182,0.879402
-0.0976581,-0.436864,1.09346
-0.0388923,-0.396178,0.975115
-0.0980031,0.63944,0.877604
-0.0942028,0.464496,1.09584
-0.0327825,0.424047,0.977259
-0.0885042,-0.549358,0.879533
-0.0966538,-0.382422,1.09158
-0.0399884,-0.34918,0.971422
-0.0599896,0.700738,0.87428
-0.0569906,0.519664,1.09385
0.00370845,0.470698,0.977467
-0.0406624,-0.512372,0.87972
-0.0535962,-0.351135,1.08975
-0.00223654,-0.323021,0.971773
-0.0430129,0.691281,0.874596
-0.0417116,0.511153,1.09414
0.0184596,0.459038,0.978723
-0.0613864,-0.550866,0.88085
-0.0722478,-0.38778,1.09077
-0.020023,-0.357002,0.974689
-0.0670207,0.524699,0.87722
-0.0753186,0.365229,1.0905
-0.0117867,0.327706,0.976448
-0.0846081,-0.689065,0.878803
-0.0831473,-0.507158,1.09492
-0.0288325,-0.463443,0.981431
-0.0759493,0.506902,0.883288
-0.0843544,0.350212,1.09696
-0.0199189,0.31319,0.984263
-0.110927,-0.677129,0.885837
-0.107834,-0.497416,1.10125
-0.0520509,-0.454674,0.989128
-0.0978458,0.580793,0.890215
-0.104061,0.417714,1.10419
-0.0386551,0.371943,0.992774
-0.13479,-0.606252,0.893497
-0.130311,-0.433627,1.10815
-0.0712796,-0.397264,0.997332
-0.116152,0.615463,0.897599
-0.121536,0.447916,1.11084
-0.0543828,0.399125,0.999755
-0.136945,-0.584788,0.89978
-0.13225,-0.414309,1.1138
-0.0730251,-0.380878,1.00342
-0.119723,0.60121,0.903079
-0.11375,0.431089,1.12077
-0.0463753,0.38298,1.01069
-0.132738,-0.604318,0.909625
-0.141464,-0.436886,1.11866
-0.0823176,-0.400198,1.0078
-0.113086,0.597822,0.907017
-0.108777,0.43004,1.12431
-0.0428995,0.381036,1.01488
-0.15861,-0.605068,0.913395
-0.164749,-0.436561,1.12406
-0.104274,-0.402905,1.01265
-0.216846,0.620386,0.911385
-0.201162,0.449347,1.13125
-0.125046,0.399412,1.01912
-0.238541,-0.545529,0.91721
-0.237687,-0.381976,1.12749
-0.167918,-0.354778,1.01274
-0.189126,0.6237,0.911466
-0.176214,0.44933,1.13032
-0.102592,0.401397,1.01529
-0.150333,-0.600743,0.913759
-0.1563,-0.432669,1.12438
-0.0936698,-0.400402,1.00794
-0.105303,0.568638,0.90715
-0.112773,0.403775,1.12044
-0.0464953,0.364397,1.00339
-0.112846,-0.645043,0.903052
-0.108561,-0.467539,1.12075
-0.0477051,-0.429785,1.00367
-0.0839346,0.581194,0.903305
-0.0925411,0.414075,1.11697
-0.029287,0.374667,0.998277
-0.0983583,-0.6348,0.898449
-0.0945225,-0.45832,1.1156
-0.0340702,-0.420488,0.998044
-0.0766632,0.597561,0.89824
-0.0859969,0.428805,1.11142
-0.0233972,0.388925,0.992274
-0.0930575,-0.624968,0.893047
-0.0897517,-0.449471,1.11074
-0.0297765,-0.411524,0.992668
-0.0817989,0.597628,0.893401
-0.090619,0.428866,1.10706
-0.0285571,0.388979,0.988355
-0.0907014,-0.629919,0.889519
-0.0866313,-0.453927,1.10757
-0.0269681,-0.413534,0.988811
-0.0812713,0.592819,0.88993
-0.0891442,0.423537,1.10394
-0.0282298,0.385184,0.984543
-0.0914068,-0.636335,0.886089
-0.0872661,-0.458702,1.10448
-0.0275395,-0.417831,0.986032
-0.0857856,0.591952,0.887429
-0.093207,0.422757,1.10169
-0.0298863,0.391481,0.982517
-0.0998977,-0.624667,0.884265
-0.0959079,-0.4492,1.10184
-0.0343171,-0.41228,0.983655
-0.0838854,0.586948,0.88529
-0.0924969,0.416253,1.09776
-0.0352472,0.375628,0.977985
-0.0707225,-0.661935,0.880186
-0.0676502,-0.484742,1.09917
-0.00488517,-0.440268,0.982251
-0.0433967,0.517759,0.884026
-0.045057,0.349983,1.09962
0.00644871,0.318985,0.980661
-0.0331962,-0.732914,0.882595
-0.0448766,-0.552622,1.09634
0.0156111,-0.49836,0.980702
-0.05995,0.505476,0.882632
-0.071955,0.346929,1.09337
-0.0187595,0.319236,0.977032
-0.0618836,-0.542688,0.879328
-0.0586952,-0.375419,1.0974
0.00517433,-0.336877,0.983656
-0.0723431,0.687811,0.88529
-0.0721088,0.50603,1.10176
-0.0188979,0.460427,0.987585
-0.0680081,-0.489616,0.888827
-0.0772073,-0.333655,1.10194
-0.0134866,-0.298289,0.98875
-0.102138,0.69154,0.889875
-0.111924,0.514386,1.10089
-0.0557317,0.468947,0.987798
-0.0911586,-0.574948,0.889019
-0.0860427,-0.406453,1.10712
-0.0204384,-0.361808,0.995405
-0.121395,0.612373,0.895865
-0.129255,0.444136,1.10628
-0.0713296,0.406722,0.99465
-0.105197,-0.62895,0.895185
-0.111677,-0.461055,1.10867
-0.0445093,-0.410949,0.9978
-0.133058,0.570146,0.89802
-0.128753,0.401131,1.11322
-0.0698773,0.368018,1.0019
-0.11689,-0.608784,0.901707
-0.111201,-0.436906,1.11954
-0.0440805,-0.388215,1.00958
-0.129672,0.601607,0.908624
-0.138705,0.434446,1.11876
-0.0798347,0.398001,1.00789
-0.111851,-0.582799,0.907097
-0.105666,-0.412519,1.11939
-0.0400995,-0.366267,1.00945
-0.13709,0.61636,0.908504
-0.132381,0.441724,1.12365
-0.0741425,0.406551,1.01329
-0.193728,-0.616104,0.911959
-0.193355,-0.450494,1.12676
-0.11902,-0.401444,1.01409
-0.245118,0.5467,0.912678
-0.243606,0.38403,1.12341
-0.174246,0.356627,1.00907
-0.195821,-0.619036,0.908162
-0.182239,-0.445132,1.12735
-0.107015,-0.397619,1.01261
-0.160313,0.606143,0.91135
-0.153282,0.432529,1.12722
-0.0899539,0.399276,1.01149
-0.112959,-0.568652,0.910344
-0.119663,-0.403787,1.12331
-0.0526964,-0.363408,1.00598
-0.112427,0.641933,0.905381
-0.121184,0.46974,1.11784
-0.0610657,0.432766,1.00006
-0.0899591,-0.580511,0.900053
-0.0849632,-0.40946,1.11905
-0.0214669,-0.369514,1.00114
-0.0983202,0.644438,0.901028
-0.0944882,0.466994,1.11893
-0.0350393,0.428295,1.00103
-0.0815354,-0.597535,0.90093
-0.0903819,-0.428782,1.11384
-0.0273437,-0.388903,0.994453
-0.0926093,0.622987,0.895008
-0.0893484,0.447688,1.11251
-0.0294135,0.40892,0.994256
-0.0844722,-0.604973,0.894831
-0.080025,-0.430475,1.11335
-0.0180225,-0.389428,0.994013
-0.0882202,0.629515,0.894612
-0.0963982,0.458564,1.10715
-0.0367584,0.418707,0.987435
-0.0820825,-0.591164,0.888692
-0.0898743,-0.422047,1.10282
-0.0278869,-0.383843,0.98354
-0.0910982,0.637542,0.885186
-0.0869884,0.459788,1.10367
-0.0262895,0.417809,0.985301
-0.0856606,-0.596972,0.886771
-0.0810945,-0.422275,1.10609
-0.0199851,-0.383047,0.986484
-0.0939866,0.621258,0.887836
-0.103588,0.451132,1.10105
-0.0432291,0.414019,0.980947
-0.0869062,-0.593384,0.882852
-0.0952156,-0.423045,1.09657
-0.037694,-0.381741,0.97691
-0.0759246,0.649434,0.879219
-0.0723322,0.47349,1.0983
-0.0100989,0.431141,0.981468
-0.050089,-0.527973,0.883321
-0.0620801,-0.364176,1.09399
-0.00887212,-0.331758,0.97459
-0.0269849,0.720418,0.877131
-0.0392864,0.541376,1.09142
0.0206422,0.489238,0.976276
-0.047422,-0.506686,0.878648
-0.0486798,-0.343017,1.09378
0.00318819,-0.314715,0.977405
-0.0581306,0.587756,0.879665
-0.0553176,0.415981,1.0987
0.00721419,0.373383,0.984828
-0.0715072,-0.642956,0.886346
-0.0833565,-0.47066,1.09771
-0.0300209,-0.429594,0.98294
-0.0680188,0.491365,0.884646
-0.0772169,0.335229,1.09818
-0.0134952,0.300706,0.985363
-0.0981457,-0.701365,0.886827
-0.0963311,-0.519228,1.10214
-0.040698,-0.472305,0.98993
-0.0866282,0.554925,0.890937
-0.0939654,0.393433,1.10484
-0.0285688,0.351089,0.993359
-0.123712,-0.62602,0.894023
-0.131341,-0.456418,1.10462
-0.0732067,-0.417776,0.993159
-0.107886,0.616002,0.893843
-0.102097,0.443402,1.11246
-0.0348877,0.395061,1.00221
-0.131399,-0.590445,0.901991
-0.127259,-0.4194,1.11679
-0.0685331,-0.38346,1.00611
-0.11368,0.607886,0.905502
-0.120312,0.441097,1.11795
-0.0532806,0.392988,1.00716
-0.131953,-0.592311,0.906441
-0.140757,-0.42608,1.1158
-0.0816816,-0.390472,1.00522
-0.117513,0.592575,0.904695
-0.111762,0.422318,1.12223
-0.0315859,0.364086,1.014
-0.142427,-0.619323,0.912603
-0.138185,-0.443391,1.12734
-0.0783661,-0.407052,1.01761
-0.15753,0.612654,0.915847
-0.160777,0.447388,1.13026
-0.0906989,0.39865,1.01824
-0.243629,-0.575216,0.916413
-0.229266,-0.404694,1.13277
-0.160339,-0.374225,1.01949
-0.213306,0.645198,0.917545
-0.197975,0.469678,1.13679
-0.122177,0.41871,1.02211
-0.18196,-0.568161,0.9199
-0.185764,-0.403345,1.12991
-0.120187,-0.37401,1.01292
-0.124169,0.604391,0.911627
-0.129752,0.434952,1.12446
-0.0617766,0.391457,1.00702
-0.117599,-0.620689,0.906316
-0.113839,-0.44562,1.12368
-0.0534551,-0.410058,1.00632
-0.0861096,0.548948,0.905685
-0.0824987,0.380053,1.12412
-0.0192488,0.343048,1.0067
-0.104324,-0.663257,0.906034
-0.112892,-0.488932,1.11843
-0.0526024,-0.448038,0.999588
-0.0863421,0.586766,0.899629
-0.0947079,0.419089,1.11367
-0.0312371,0.38018,0.995299
-0.0931134,-0.623838,0.895769
-0.0898021,-0.448454,1.11319
-0.0298219,-0.410609,0.994873
-0.0768397,0.622452,0.895386
-0.0861557,0.451207,1.10885
-0.0245401,0.409086,0.989963
-0.0900861,-0.601823,0.890966
-0.0980775,-0.43364,1.10387
-0.0372698,-0.396276,0.985483
-0.0825428,0.602352,0.886934
-0.0782885,0.427116,1.10624
-0.0164596,0.387405,0.987617
-0.0868137,-0.640336,0.888855
-0.0831323,-0.463302,1.10697
-0.0238191,-0.420972,0.988273
-0.0814372,0.583125,0.889445
-0.0892935,0.414813,1.1035
-0.0283641,0.377332,0.984151
-0.0885277,-0.642402,0.885736
-0.0946749,-0.456162,1.09916
-0.0362074,-0.419545,0.979246
-0.0885867,0.592409,0.881321
-0.084728,0.417168,1.10119
-0.0272552,0.375451,0.98207
-0.0895297,-0.652094,0.883863
-0.0965767,-0.479884,1.09848
-0.032919,-0.437896,0.980629
-0.0566272,0.520894,0.882566
-0.0679644,0.357804,1.09331
-0.014168,0.326024,0.973979
-0.0377512,-0.720579,0.876581
-0.0369761,-0.536521,1.09592
0.0237216,-0.483869,0.98033
-0.0486506,0.519518,0.882297
-0.0497856,0.353567,1.09807
0.00219301,0.32321,0.981261
-0.0490263,-0.595111,0.883135
-0.0591237,-0.4276,1.09682
0.00278871,-0.38484,0.982139
-0.0644902,0.630644,0.883925
-0.0760412,0.45958,1.09453
-0.023437,0.420622,0.980079
-0.0670933,-0.497441,0.882072
-0.064384,-0.335697,1.10086
-0.000945592,-0.300127,0.987778
-0.0908511,0.705886,0.889
-0.0897659,0.522297,1.1041
-0.0357893,0.475068,0.99069
-0.0862104,-0.550439,0.891621
-0.0935894,-0.389395,1.10546
-0.0282304,-0.347456,0.992913
-0.124407,0.63229,0.893622
-0.119967,0.457061,1.10826
-0.06197,0.417355,0.996434
-0.107773,-0.610381,0.89679
-0.101996,-0.438343,1.11511
-0.0347961,-0.390508,1.0036
-0.130317,0.589543,0.90324
-0.138285,0.423588,1.11292
-0.0794564,0.388229,1.00062
-0.110511,-0.604594,0.900562
-0.11746,-0.438134,1.11351
-0.0497137,-0.390321,1.00316
-0.129742,0.597711,0.90284
-0.125768,0.42594,1.11756
-0.0671913,0.390346,1.0068
-0.114472,-0.593689,0.90612
-0.109025,-0.42432,1.12351
-0.0421224,-0.376888,1.01316
-0.13191,0.615801,0.911842
-0.140719,0.445221,1.12166
-0.0826473,0.409699,1.01049
-0.133383,-0.603271,0.909443
-0.138044,-0.438944,1.1235
-0.0692398,-0.39105,1.01315
-0.233316,0.591056,0.911834
-0.219984,0.41895,1.12865
-0.152986,0.386055,1.01579
-0.219687,-0.633551,0.914207
-0.216719,-0.464196,1.12879
-0.139047,-0.414776,1.01391
-0.195142,0.566702,0.912517
-0.197628,0.402032,1.12327
-0.130865,0.372828,1.00794
-0.134779,-0.613455,0.907145
-0.126301,-0.439109,1.12543
-0.0576706,-0.394198,1.00889
-0.119904,0.619222,0.907998
-0.115913,0.4443,1.1252
-0.0553219,0.40987,1.00768
-0.0917897,-0.555118,0.906911
-0.100611,-0.390606,1.12022
-0.0365496,-0.352545,1.0022
-0.102895,0.65271,0.901978
-0.111605,0.479439,1.11478
-0.0514447,0.440495,0.996302
-0.0813002,-0.595555,0.896672
-0.0771702,-0.422999,1.116
-0.0144532,-0.3827,0.997404
-0.0900079,0.628571,0.897664
-0.0990071,0.457714,1.1099
-0.0391064,0.419942,0.990908
-0.0781957,-0.605052,0.891817
-0.0863762,-0.435547,1.10564
-0.0247385,-0.394992,0.987072
-0.0902647,0.619507,0.888365
-0.0862382,0.444556,1.10653
-0.0266144,0.406101,0.987875
-0.082953,-0.60851,0.889088
-0.0786577,-0.433659,1.10818
-0.0177919,-0.393293,0.989361
-0.0890127,0.628037,0.890425
-0.0971114,0.456233,1.10338
-0.0374003,0.41561,0.984044
-0.0836603,-0.589951,0.88564
-0.0912942,-0.420956,1.10008
-0.0301648,-0.382861,0.981068
-0.0911483,0.637426,0.882961
-0.0860335,0.459683,1.10167
-0.0244301,0.409715,0.982499
-0.0859871,-0.606257,0.884249
-0.0833884,-0.430631,1.10282
-0.0260496,-0.387568,0.983542
-0.0934446,0.636189,0.885187
-0.1011,0.46557,1.09867
-0.0379901,0.426013,0.979802
-0.0721911,-0.555589,0.881822
-0.070972,-0.38403,1.09864
-0.0158748,-0.347627,0.978776
-0.0422873,0.703136,0.880898
-0.0410586,0.520823,1.09981
0.0190473,0.47074,0.983827
-0.0428575,-0.515334,0.885445
-0.0565717,-0.354801,1.0959
-0.00491454,-0.32532,0.97831
-0.0444231,0.638212,0.880479
-0.0549808,0.466391,1.09443
0.00651731,0.419752,0.979988
-0.0691344,-0.594224,0.881989
-0.068221,-0.421801,1.09779
-0.0153989,-0.385621,0.983011
-0.072859,0.510941,0.88471
-0.0695731,0.346847,1.10224
-0.00561578,0.310162,0.989015
-0.0890542,-0.697854,0.890114
-0.0991488,-0.520069,1.1011
-0.0442339,-0.474062,0.987992
-0.0788105,0.526345,0.889193
-0.0869295,0.36771,1.10227
-0.0222365,0.328939,0.990046
-0.119013,-0.655955,0.891042
-0.115112,-0.47836,1.10594
-0.0576004,-0.436524,0.994344
-0.0998404,0.604129,0.894909
-0.106856,0.437716,1.10842
-0.0401707,0.390944,0.997577
-0.129154,-0.58515,0.897819
-0.137238,-0.419635,1.10804
-0.0785144,-0.384672,0.997233
-0.112663,0.611796,0.89751
-0.106397,0.440616,1.11576
-0.039757,0.391555,1.00518
-0.132781,-0.598601,0.904665
-0.128503,-0.426741,1.1192
-0.0696529,-0.390067,1.00828
-0.113688,0.59994,0.907451
-0.121319,0.433946,1.11971
-0.0541869,0.386551,1.00974
-0.132768,-0.597104,0.908761
-0.127491,-0.437394,1.11889
-0.0697423,-0.402654,1.009
-0.125768,0.598611,0.908097
-0.119191,0.43075,1.12629
-0.0512721,0.382675,1.01666
-0.218145,-0.595593,0.914993
-0.21933,-0.428033,1.12649
-0.153397,-0.39523,1.01384
-0.224058,0.633293,0.91246
-0.220652,0.464964,1.12721
-0.143587,0.415468,1.01349
-0.211228,-0.543079,0.912143
-0.199105,-0.375771,1.12793
-0.132195,-0.349194,1.01314
-0.155975,0.623725,0.911822
-0.146378,0.448353,1.13064
-0.0757399,0.401517,1.01458
-0.132166,-0.607634,0.913118
-0.139949,-0.438871,1.12481
-0.0779544,-0.405984,1.00733
-0.088159,0.536615,0.906593
-0.0973431,0.373953,1.11993
-0.0326087,0.338558,1.00194
-0.113348,-0.667298,0.901747
-0.109013,-0.487568,1.11957
-0.0481118,-0.446811,1.00261
-0.0873006,0.59987,0.902353
-0.0835705,0.426883,1.12112
-0.0202135,0.385195,1.00301
-0.0961921,-0.617325,0.902705
-0.105573,-0.447593,1.11443
-0.0450156,-0.410833,0.995991
-0.0845141,0.62125,0.896392
-0.0800627,0.445125,1.11575
-0.0180564,0.402613,0.997178
-0.0942508,-0.614649,0.89746
-0.0908257,-0.440184,1.11471
-0.0307431,-0.402165,0.996243
-0.0856688,0.596051,0.896618
-0.0941019,0.427446,1.10996
-0.0316917,0.388701,0.990961
-0.0875226,-0.631169,0.891865
-0.0957703,-0.460052,1.10468
-0.0351933,-0.419047,0.98521
-0.0796739,0.587858,0.886689
-0.0757066,0.414072,1.10602
-0.0151359,0.375665,0.987418
-0.0876223,-0.650902,0.888677
-0.0838601,-0.471811,1.10681
-0.0244741,-0.42863,0.987128
-0.0850267,0.593233,0.888415
-0.094524,0.42391,1.10257
-0.0360716,0.382519,0.983316
-0.0914644,-0.631733,0.884985
-0.099318,-0.46156,1.09849
-0.0363862,-0.423404,0.979638
-0.0807476,0.571937,0.881674
-0.0776728,0.397743,1.09851
-0.0219055,0.359969,0.978656
-0.047715,-0.684029,0.88079
-0.0579435,-0.508626,1.09471
0.00385088,-0.461763,0.97824
-0.0365342,0.515413,0.880416
-0.0498808,0.353872,1.09137
0.00110729,0.323485,0.973237
-0.0380034,-0.689864,0.875913
-0.0372031,-0.508877,1.09532
0.0245172,-0.45799,0.98079
-0.0629345,0.55481,0.882711
-0.0626411,0.386329,1.09844
-0.0103769,0.353696,0.982596
-0.0703393,-0.523674,0.884336
-0.0793053,-0.363307,1.0979
-0.0143748,-0.325976,0.984112
-0.0799373,0.685622,0.885701
-0.0909436,0.50906,1.09713
-0.0368492,0.464154,0.983418
-0.0751643,-0.509262,0.885076
-0.0716479,-0.346336,1.10357
-0.00748308,-0.308702,0.991212
-0.106735,0.681168,0.89209
-0.116061,0.505051,1.10288
-0.0594552,0.460546,0.990593
-0.0965097,-0.581509,0.891534
-0.102859,-0.417358,1.10538
-0.0365728,-0.372622,0.993842
-0.127916,0.601641,0.894458
-0.124124,0.429476,1.10901
-0.0657116,0.392529,0.998111
-0.11114,-0.638724,0.8983
-0.105026,-0.463852,1.11647
-0.0385237,-0.412467,1.00582
-0.133671,0.57278,0.905241
-0.141304,0.408502,1.11472
-0.0821738,0.374652,1.00325
-0.116956,-0.585813,0.90292
-0.123261,-0.421232,1.11563
-0.0549347,-0.375109,1.00507
-0.130441,0.617402,0.904559
-0.126397,0.443662,1.1191
-0.0547574,0.415296,1.00919
-0.113282,-0.586234,0.908274
-0.108953,-0.418611,1.12545
-0.0420581,-0.37175,1.0159
-0.186852,0.609426,0.914311
-0.191167,0.440483,1.12488
-0.12805,0.405435,1.01239
-0.221245,-0.631109,0.911153
-0.205121,-0.457998,1.13104
-0.128609,-0.408198,1.01793
-0.230748,0.534622,0.916141
-0.217673,0.36816,1.13153
-0.148906,0.341344,1.01637
-0.168015,-0.617791,0.914736
-0.170214,-0.447012,1.12826
-0.0981923,-0.400311,1.01144
-0.140373,0.603721,0.910293
-0.147336,0.435349,1.12226
-0.0846022,0.402814,1.00504
-0.091142,-0.539468,0.904533
-0.0870278,-0.371521,1.12308
-0.022325,-0.335369,1.00577
-0.114092,0.671168,0.905195
-0.109683,0.491051,1.12268
-0.0487149,0.449946,1.00441
-0.0898434,-0.594049,0.903967
-0.0978591,-0.425644,1.11757
-0.0340732,-0.385079,0.998813
-0.0956659,0.610429,0.898932
-0.105099,0.441386,1.11104
-0.0445893,0.405247,0.992935
-0.0801304,-0.629278,0.893641
-0.0761174,-0.45235,1.11328
-0.0145056,-0.409115,0.99495
-0.0860551,0.607797,0.895455
-0.0954496,0.439017,1.10791
-0.0359046,0.401115,0.989118
-0.0813141,-0.592996,0.890206
-0.0891827,-0.424697,1.10419
-0.0272644,-0.386227,0.985767
-0.085538,0.639396,0.88719
-0.0819842,0.462456,1.10547
-0.0227858,0.420211,0.986924
-0.0845072,-0.584811,0.888232
-0.0800565,-0.41133,1.10741
-0.0190508,-0.373197,0.988668
-0.0901458,0.649123,0.889801
-0.0981312,0.475211,1.10282
-0.0383181,0.43269,0.983539
-0.0884863,-0.576579,0.885185
-0.0936376,-0.421921,1.09867
-0.0512739,-0.424729,0.8128
-0.479147,-0.403256,-0.400481
0.412768,-0.499931,-0.360432
0.788492,-0.435938,-1.86139
0.702642,-0.273344,-1.40825
1.53938,0.475991,-1.26743
1.55244,0.475392,-1.89968
1.3732,0.311852,-1.38971
1.27388,0.299667,-1.22974
0.820489,0.0847004,-1.10677
0.73044,0.19323,-0.700092
0.689396,0.170907,-0.652083
-0.119544,1.19982,-0.586874
-0.114589,0.974835,-0.220187
-0.28913,0.405351,-1.49317
-0.514217,0.0888163,-2.81885
-0.470796,0.168935,-2.21397
-0.376716,0.142041,-2.00257
0.177956,0.527837,-1.80231
0.15016,0.350053,-1.32508
-0.073856,-0.207952,-2.66757
0.47553,-0.602157,-4.08982
0.416977,-0.430941,-3.37683
0.409279,-0.387847,-3.04315
-0.268649,0.304938,-2.73884
-0.257784,0.168444,-2.15995
-0.179006,0.1686,-1.94396
-0.652105,-0.792261,-1.74956
-0.604895,-0.614035,-1.26761
-0.499405,-0.548631,-1.14384
-0.498465,0.412232,-1.02946
-0.452618,0.256009,-0.619514
-0.347356,0.246408,-0.555562
-0.341621,-0.612233,-0.500006
-0.316459,-0.44501,-0.147006
-0.239813,-0.396509,-0.133305
-0.241831,0.676143,-0.119974
-0.234648,0.498528,0.195023
-0.154183,0.462675,0.179521
-0.226765,-0.559592,0.161569
-0.225089,-0.405633,0.445412
-0.15858,-0.36307,0.399871
-0.225722,0.544237,0.359884
-0.20915,0.374814,0.631895
-0.130235,0.350332,0.573706
-0.180211,-0.691701,0.516335
-0.18419,-0.523531,0.765702
-0.121771,-0.468178,0.689132
-0.159594,0.49364,0.620218
-0.161635,0.336276,0.861197
-0.0894711,0.315648,0.780077
-0.182524,-0.680917,0.702069
-0.174272,-0.506825,0.938862
-0.112844,-0.455142,0.845976
-0.24256,0.572372,0.761378
-0.224304,0.402135,0.997241
-0.144874,0.372921,0.901517
-0.258386,-0.607371,0.811365
-0.255548,-0.445634,1.03223
-0.184993,-0.403071,0.926006
-0.192494,0.591237,0.833405
-0.191244,0.421113,1.05506
-0.11512,0.392002,0.949558
-0.158608,-0.633199,0.854602
-0.150747,-0.463879,1.07614
-0.0876723,-0.419491,0.964528
-0.118905,0.557458,0.868075
-0.125015,0.389713,1.08527
-0.0565131,0.364741,0.973741
-0.118862,-0.660733,0.876367
-0.126976,-0.49266,1.09173
-0.066278,-0.446394,0.976557
-0.10265,0.584246,0.878901
-0.0963852,0.409821,1.10001
-0.0307467,0.382839,0.98601
-0.099672,-0.652445,0.887409
-0.0957048,-0.4802,1.10567
-0.0361343,-0.43418,0.988101
-0.0895209,0.608238,0.889291
-0.0975688,0.436414,1.10436
-0.0338119,0.406773,0.987926
-0.0884307,-0.626905,0.889133
-0.0975877,-0.461214,1.10222
-0.0378289,-0.418093,0.983998
-0.090046,0.614717,0.885598
-0.0850414,0.438245,1.10604
-0.0215373,0.40742,0.989435
-0.0893835,-0.638322,0.890491
-0.0854452,-0.46649,1.10844
-0.0259007,-0.421841,0.989598
-0.0933106,0.604344,0.890638
-0.0999795,0.433909,1.10457
-0.0369816,0.403518,0.987117
-0.0952834,-0.637834,0.888405
-0.0907551,-0.46505,1.10656
-0.0306796,-0.420545,0.987908
-0.0956116,0.609509,0.889117
-0.0900505,0.433558,1.10821
-0.0260454,0.410203,0.990385
-0.0974409,-0.626818,0.891346
-0.105697,-0.459136,1.10421
-0.0441271,-0.420222,0.984791
-0.0947144,0.5968,0.886312
-0.102243,0.42512,1.09968
-0.0430187,0.391608,0.980712
-0.0687168,-0.663553,0.882641
-0.0658451,-0.489198,1.10138
-0.00326059,-0.443278,0.984239
-0.0519345,0.53805,0.885815
-0.0527411,0.368245,1.10123
0.000533036,0.341421,0.98311
-0.0345203,-0.711722,0.884799
-0.0460683,-0.53555,1.09932
0.0145386,-0.481995,0.983388
-0.0589153,0.524205,0.885049
-0.0710238,0.362785,1.09554
-0.0179214,0.338506,0.97999
-0.0621292,-0.543345,0.881991
-0.0589163,-0.37801,1.09979
0.00497533,-0.338209,0.985812
-0.0725222,0.681612,0.887231
-0.08327,0.504451,1.09851
-0.029943,0.464006,0.984657
-0.0689487,-0.494395,0.886191
-0.0780538,-0.339956,1.09957
-0.0142484,-0.30396,0.986615
-0.104824,0.691436,0.887954
-0.102341,0.509293,1.10416
-0.0461071,0.467363,0.991742
-0.0924964,-0.571373,0.892568
-0.0882468,-0.404236,1.11131
-0.0224221,-0.359812,0.99918
-0.12718,0.617169,0.899262
-0.135462,0.447452,1.10934
-0.0769157,0.411707,0.997402
-0.111224,-0.611464,0.897662
-0.117102,-0.445318,1.1109
-0.0493915,-0.396786,0.999806
-0.130452,0.586893,0.899826
-0.126407,0.416204,1.11484
-0.0677664,0.382583,1.00436
-0.11099,-0.596675,0.903923
-0.117891,-0.432008,1.11653
-0.0501017,-0.383807,1.00588
-0.128092,0.604574,0.90529
-0.136282,0.437117,1.11476
-0.0776542,0.401405,1.00428
-0.115889,-0.578736,0.903856
-0.0962999,-0.404862,1.12147
-0.0306699,-0.358376,1.01132
-0.137603,0.626462,0.910191
-0.133843,0.450816,1.12517
-0.0754583,0.414734,1.01465
-0.143913,-0.60474,0.913189
-0.145521,-0.438266,1.12287
-0.0799691,-0.387439,1.00358
-0.0319722,0.573305,0.903225
-0.043775,0.403975,1.1019
-0.00139748,0.367577,0.973712
0.159742,-0.632181,0.876341
0.142768,-0.450963,1.07571
0.171491,-0.394866,0.946136
0.301342,0.61562,0.851523
0.270208,0.434058,1.04637
0.275187,0.387653,0.911733
0.369668,-0.538113,0.82056
0.333702,-0.367302,1.0135
0.335331,-0.317571,0.878154
0.424798,0.698186,0.790338
0.386318,0.506367,0.982304
0.374687,0.446731,0.845074
0.448218,-0.541943,0.760567
0.412396,-0.363748,0.95151
0.399157,-0.310374,0.815359
0.475241,0.692664,0.733823
0.437717,0.504398,0.923441
0.383945,0.546958,0.704097
1.16655,-0.00873808,0.633687
1.4179,-0.129864,-0.393682
1.60511,-0.164878,-1.23331
1.7596,-0.20339,-1.97598
1.89464,-0.234051,-2.66338
1.73517,-0.0676459,-3.47705
1.57566,-0.0108813,-4.10834
1.42509,0.0082068,-4.67551
1.28958,0.0143861,-5.18496
1.17062,0.0189475,-5.64146
1.06456,0.0210528,-6.05332
0.968104,0.0219475,-6.42398
0.881294,0.0227527,-6.75859
0.802164,0.0224775,-7.05973
0.729948,0.0222297,-7.33075
0.664953,0.0220067,-7.57468
0.605458,0.0218061,-7.79421
0.538912,0.0346255,-7.99579
0.489021,0.0351629,-8.17421
0.446119,0.0336466,-8.33479
0.406507,0.027282,-8.48031
0.370856,0.0235538,-8.61028
----------------
