0.86
0.89
3.46
5.79
7.9
9.865
0.58
0.57
3.03
5.65
7.54
9.83
0.3
0.24
2.79
5.38
7.87
10
3.02
3.73
5.07
7.24
8.94
10.36
11.965
4.675
0
-0.005
-0.005
0.005
0.005
0.005
-47.945
-47.665
-46.975
-46.14
8.35
9.54
10.595
11.96
1.935
2.26
2.965
-49.06
-48.775
-48.08
9.755
12.995
12.295
11.965
-100
-100
-100
-49.635
-49.595
-44.115
-100
-100
-100
-49.385
-49.405
-100
-100
-100
-49.665
-49.595
-44.175
12.07
-100
-100
-100
-49.825
-49.835
-50.005
6.035
-49.56
-49.545
-48.265
-47.12
-46.155
10.24
11.89
-49.84
-49.84
-48.575
-47.18
-46.03
10.46
-49.66
-49.65
-49.46
-49.425
7.9
6.375
9.945
8.68
11.995
12.035
12.035
11.94
11.76
